	0	1	2	3	4	5	6	7	8	9	10	11	12	13	14	15	16	17	18	19	20	21	22	23	24	25	26	27	28	29	30	31	32	33	34	35	36	37	38	39	40	41	42	43	44	45	46	47	48	49	50
0	0.0	1.0	1.0	1.0	1.0	0.0	0.0	0.0	0.0	0.0	0.0	0.0	0.0	0.0	0.0	0.0	0.0	1.0	0.0	0.0	0.0	0.0	0.0	0.0	0.0	0.0	0.0	0.0	0.0	0.0	0.0	0.0	0.0	0.0	0.0	0.0	0.0	0.0	0.0	0.0	0.0	0.0	0.0	0.0	0.0	0.0	0.0	0.0	0.0	0.0	0.0
1	1.0	0.0	1.0	1.0	1.0	0.0	0.0	0.0	0.0	0.0	0.0	0.0	0.0	0.0	0.0	0.0	0.0	1.0	0.0	0.0	0.0	0.0	0.0	0.0	0.0	0.0	0.0	0.0	0.0	0.0	0.0	0.0	0.0	0.0	0.0	0.0	0.0	0.0	0.0	0.0	0.0	0.0	0.0	0.0	0.0	0.0	0.0	0.0	0.0	0.0	0.0
2	1.0	1.0	0.0	1.0	1.0	0.0	0.0	0.0	0.0	0.0	0.0	0.0	0.0	0.0	0.0	0.0	0.0	1.0	0.0	0.0	0.0	0.0	0.0	0.0	0.0	0.0	0.0	0.0	0.0	0.0	0.0	0.0	0.0	0.0	0.0	0.0	0.0	0.0	0.0	0.0	0.0	0.0	0.0	0.0	0.0	0.0	0.0	0.0	0.0	0.0	0.0
3	1.0	1.0	1.0	0.0	1.0	0.0	0.0	0.0	0.0	0.0	0.0	0.0	0.0	0.0	0.0	0.0	0.0	1.0	0.0	0.0	0.0	0.0	0.0	0.0	0.0	0.0	0.0	0.0	0.0	0.0	0.0	0.0	0.0	0.0	0.0	0.0	0.0	0.0	0.0	0.0	0.0	0.0	0.0	0.0	0.0	0.0	0.0	0.0	0.0	0.0	0.0
4	1.0	1.0	1.0	1.0	0.0	0.0	0.0	0.0	0.0	0.0	0.0	0.0	0.0	0.0	0.0	0.0	0.0	1.0	0.0	0.0	0.0	0.0	0.0	0.0	0.0	0.0	0.0	0.0	0.0	0.0	0.0	0.0	0.0	0.0	0.0	0.0	0.0	0.0	0.0	0.0	0.0	0.0	0.0	0.0	0.0	0.0	0.0	0.0	0.0	0.0	0.0
5	1.0	1.0	1.0	1.0	1.0	0.0	0.8744473916887711	0.9018567639257294	0.7223695844385499	0.0	0.6304155614500442	0.0	0.007073386383731212	0.007073386383731212	0.007957559681697613	0.0	0.0	1.0	0.01856763925729443	0.21750663129973477	0.21662245800176835	0.010610079575596818	0.21662245800176835	0.12466843501326261	0.0	0.003536693191865606	0.08399646330680814	0.10875331564986739	0.10875331564986739	0.10875331564986739	0.10875331564986739	0.10875331564986739	0.3510167992926614	0.3510167992926614	0.3510167992926614	0.3510167992926614	0.3510167992926614	0.3510167992926614	0.0	0.0	0.0	0.0	0.0	0.9115826702033599	0.9115826702033599	0.9089301503094608	0.8735632183908046	0.8735632183908046	0.0	0.004420866489832007	0.001768346595932803
6	1.0	1.0	1.0	1.0	1.0	0.9997447030374944	0.0	0.23445250487671132	0.9366809597008351	0.0	0.9983495590733797	0.9924921118632182	0.5938926494251323	0.0	0.10990174662675403	0.0	0.5905342358620318	1.0	0.9364634179229255	0.1417329629729511	0.140920327571173	0.01957516427999964	0.140920327571173	0.13868558021628324	0.0	0.008467948545076993	0.1181575469917208	0.0507231915716045	0.0507231915716045	0.0507231915716045	0.0507231915716045	0.0507231915716045	0.31074135001752917	0.31074135001752917	0.31074135001752917	0.31074135001752917	0.31074135001752917	0.31074135001752917	7.191463732549463e-06	7.191463732549463e-06	7.191463732549463e-06	7.191463732549463e-06	7.191463732549463e-06	0.6496732378666522	0.6496732378666522	0.6477782871731255	0.0	0.0	0.0	0.0004800302041476767	0.00013843567685157719
7	1.0	1.0	1.0	1.0	1.0	0.9997645476663704	0.09677727269834738	0.0	0.9619903570602822	0.09617909649939653	0.998854556214775	0.9935685452651808	0.6480772453349681	0.07465748049033478	0.0	0.07417172747771157	0.644350310648597	1.0	0.9619564179851644	0.08833917014718953	0.08743554227217866	0.002496643213351632	0.08743554227217866	0.08523374477391273	0.0	0.00956445560662915	0.1474228575428534	0.004388746651167823	0.004388746651167823	0.004388746651167823	0.004388746651167823	0.004388746651167823	0.2866748827511015	0.2866748827511015	0.2866748827511015	0.2866748827511015	0.2866748827511015	0.2866748827511015	2.1211921948612e-06	2.1211921948612e-06	2.1211921948612e-06	2.1211921948612e-06	2.1211921948612e-06	0.6040603860994034	0.6040603860994034	0.6027770648215123	0.09677515150615251	0.09677515150615251	0.0	0.0001569682224197288	3.39390751177792e-05
8	1.0	1.0	1.0	1.0	1.0	0.9994191144640497	0.9348464723228391	0.966850675418182	0.0	0.9138124960688478	0.994513036625388	0.9782722910199535	0.019435616053160274	0.05428319834836112	0.055337672091964905	0.0497785605138432	0.05278658561401821	1.0	0.5212670704499457	0.31919475205067394	0.3184066716738753	0.1350207379836242	0.3184066716738753	0.3154911442705076	0.0	0.04796190574854686	0.029702860398776072	0.1846420524128949	0.1846420524128949	0.1846420524128949	0.1846420524128949	0.1846420524128949	0.5295215649130337	0.5295215649130337	0.5295215649130337	0.5295215649130337	0.5295215649130337	0.5295215649130337	4.624884840367475e-05	4.624884840367475e-05	4.624884840367475e-05	2.7749309042204846e-05	4.624884840367475e-05	0.8645482227492535	0.8645482227492535	0.8531506565486519	0.934556029554864	0.934556029554864	0.0	0.006556236749704932	0.001803705087743315
9	1.0	1.0	1.0	1.0	1.0	0.9980825471098339	0.05701497851130381	0.2776220871584908	0.9210148428824521	0.0	0.9862031550661614	0.9391755461180479	0.5611152082326714	0.001300341615170087	0.10489365850350515	0.0	0.5569107138315998	1.0	0.9085098627605557	0.14578914799650755	0.14502114962405377	0.022093939933372327	0.14502114962405377	0.14004357076859175	0.0	0.008934550602276868	0.11537946409649993	0.05299697378124762	0.05299697378124762	0.05299697378124762	0.05299697378124762	0.05299697378124762	0.32178792733684275	0.32178792733684275	0.32178792733684275	0.32178792733684275	0.32178792733684275	0.32178792733684275	8.47680322796667e-06	8.47680322796667e-06	8.47680322796667e-06	8.47680322796667e-06	8.47680322796667e-06	0.6665242563724368	0.6665242563724368	0.6644915189583704	0.05698785274097432	0.05698785274097432	0.0	0.0006984885859844535	0.00018648967101526673
10	1.0	1.0	1.0	1.0	1.0	0.9486360285082329	0.8871958712214303	0.9336446301302531	0.6355369869746866	0.0	0.0	0.0	0.020889653477512902	0.02199557630867535	0.02273285819611698	0.0	0.0	1.0	0.4379454411403293	0.2020152371590071	0.19894322929466698	0.057630867535020884	0.19894322929466698	0.0	0.0	0.014868518063406241	0.12337183583189973	0.08871958712214302	0.08871958712214302	0.08871958712214302	0.08871958712214302	0.08871958712214302	0.43253870729909066	0.43253870729909066	0.43253870729909066	0.43253870729909066	0.43253870729909066	0.43253870729909066	0.0	0.0	0.0	0.0	0.0	0.9196362742688621	0.9196362742688621	0.9138608994839027	0.8868272302777095	0.8868272302777095	0.0	0.0007372818874416318	0.0035635291226345537
11	1.0	1.0	1.0	1.0	1.0	0.9684756250522619	0.8836023078852746	0.915489031970343	0.6726314909273351	0.0	0.7731694400312178	0.0	0.01808958385595228	0.018786409120049058	0.018981520193996154	0.0	0.0	1.0	0.4542464531594057	0.21356300694037963	0.2135908799509435	0.061571480335591046	0.2135908799509435	0.15723165259079633	0.0	0.015581012905203891	0.06622627309975751	0.08501268221980657	0.08501268221980657	0.08501268221980657	0.08501268221980657	0.08501268221980657	0.4776597820330574	0.4776597820330574	0.4776597820330574	0.4776597820330574	0.4776597820330574	0.4776597820330574	2.7873010563871005e-05	2.7873010563871005e-05	2.7873010563871005e-05	2.7873010563871005e-05	2.7873010563871005e-05	0.9220670624634167	0.9220670624634167	0.9175237617415057	0.8832399587479445	0.8832399587479445	0.0	0.004097332552889037	0.001031301390863227
12	1.0	1.0	1.0	1.0	1.0	0.9993244336642585	0.8641149148563834	0.9001942478805083	0.6811375021130247	0.8442684242219707	0.9952066673524597	0.9788077908499563	0.0	0.029416913461937578	0.030094284516296307	0.02709123273711446	0.029052961874116063	1.0	0.7398010839140015	0.25275024077954217	0.25200789985496075	0.09710408834939832	0.25200789985496075	0.2496383043104501	0.0	0.03270330606403502	0.04037877434339824	0.15388234076817245	0.15388234076817245	0.15388234076817245	0.15388234076817245	0.15388234076817245	0.5981072111141791	0.5981072111141791	0.5981072111141791	0.5981072111141791	0.5981072111141791	0.5981072111141791	1.5039321810806535e-05	1.5039321810806535e-05	1.5039321810806535e-05	9.023593086483921e-06	1.5039321810806535e-05	0.9031804556192621	0.9031804556192621	0.8975737964481935	0.8639332398489089	0.8639332398489089	0.0	0.003626882847894104	0.0005353998564647126
13	1.0	1.0	1.0	1.0	1.0	0.9994222481287374	0.7138430480192578	0.775568349898469	0.7369963385039467	0.6969359600893329	0.9959053186612826	0.9818890479750132	0.16994651036326344	0.0	0.03144914883207176	0.0	0.1689854769745558	1.0	0.7781257893927227	0.22809263168292485	0.2272663899151173	0.08145015205215099	0.2272663899151173	0.2252409142987672	0.0	0.02739356735285205	0.05985519675718113	0.13451997977096744	0.13451997977096744	0.13451997977096744	0.13451997977096744	0.13451997977096744	0.5336714099254993	0.5336714099254993	0.5336714099254993	0.5336714099254993	0.5336714099254993	0.5336714099254993	1.234732405191844e-05	1.234732405191844e-05	1.234732405191844e-05	7.202605696952423e-06	1.234732405191844e-05	0.8524011172270379	0.8524011172270379	0.847623217290781	0.7136902498841152	0.7136902498841152	0.0	0.003050303512659351	0.00028964764338458674
14	1.0	1.0	1.0	1.0	1.0	0.9994149570759951	0.7418479847826269	0.7541813361921528	0.7337371624271043	0.7246992399656275	0.9958530780974947	0.9816477979026055	0.1593094824925123	0.018352202097394524	0.0	0.01823279494089085	0.15839333238780942	1.0	0.7751938671650135	0.2215101824583066	0.2206904966503425	0.08062642350016269	0.2206904966503425	0.21863867498727715	0.0	0.02791885319072608	0.0658178503791829	0.12969598625096987	0.12969598625096987	0.12969598625096987	0.12969598625096987	0.12969598625096987	0.5410035832575524	0.5410035832575524	0.5410035832575524	0.5410035832575524	0.5410035832575524	0.5410035832575524	1.251428714448996e-05	1.251428714448996e-05	1.251428714448996e-05	7.30000083428581e-06	1.251428714448996e-05	0.852420575990923	0.852420575990923	0.8477136397387017	0.7416931204792138	0.7416931204792138	0.0	0.0030738217798653464	0.0002836571752751058
15	1.0	1.0	1.0	1.0	1.0	0.9994240435099226	0.7167500980297297	0.7777317193650729	0.7384281633047985	0.6996241769322041	0.9958557613472595	0.9817298046025595	0.17641022768359568	0.010158935473521787	0.04117197724691779	0.0	0.16788495129068234	1.0	0.7801363759045471	0.22757716340155526	0.22675524140775782	0.08096084412509102	0.22675524140775782	0.22472131548258634	0.0	0.027234950526814312	0.060866022641048234	0.13412402161237263	0.13412402161237263	0.13412402161237263	0.13412402161237263	0.13412402161237263	0.5318354730125427	0.5318354730125427	0.5318354730125427	0.5318354730125427	0.5318354730125427	0.5318354730125427	1.2221888383604337e-05	1.2221888383604337e-05	1.2221888383604337e-05	7.129434890435863e-06	1.2221888383604337e-05	0.8533403948688439	0.8533403948688439	0.84852038763756	0.7165942689528387	0.7165942689528387	0.0	0.0030641292668394703	0.0003198060793709801
16	1.0	1.0	1.0	1.0	1.0	0.9993078403149052	0.8606188678691028	0.8973908456220747	0.6866493351350292	0.8400541977557135	0.9950196326106966	0.9780436666470831	0.012241006208017548	0.01146806396020602	0.012225094491118815	0.0	0.0	1.0	0.7358948749583848	0.2481891242191019	0.24746636507843253	0.09486137222646535	0.24746636507843253	0.2450306484147034	0.0	0.0319231880226387	0.041431662847854614	0.15306031275091556	0.15306031275091556	0.15306031275091556	0.15306031275091556	0.15306031275091556	0.5917347198558643	0.5917347198558643	0.5917347198558643	0.5917347198558643	0.5917347198558643	0.5917347198558643	1.4687738675753482e-05	1.4687738675753482e-05	1.4687738675753482e-05	8.567847560856198e-06	1.4687738675753482e-05	0.9035076767914145	0.9035076767914145	0.8979404118441926	0.8604322111900985	0.8604322111900985	0.0	0.003661530854043045	0.0003727013688972446
17	1.0	1.0	1.0	1.0	1.0	0.0	0.0	0.0	0.0	0.0	0.0	0.0	0.0	0.0	0.0	0.0	0.0	0.0	0.0	0.0	0.0	0.0	0.0	0.0	0.0	0.0	0.0	0.0	0.0	0.0	0.0	0.0	0.0	0.0	0.0	0.0	0.0	0.0	0.0	0.0	0.0	0.0	0.0	0.0	0.0	0.0	0.0	0.0	0.0	0.0	0.0
18	1.0	1.0	1.0	1.0	1.0	0.9974386900861154	0.9184534303092955	0.9586152312562879	0.4028663596171419	0.8754764959434389	0.9894455571656684	0.9548194161136391	0.0019405960698891484	0.004859566377154039	0.0051618470967206	0.003756587873697424	0.004199625264207194	1.0	0.0	0.35117866405766873	0.3504748807029527	0.14264880979851027	0.3504748807029527	0.3446692448981476	0.0	0.04077328484535226	0.017730725566026416	0.14452479624895012	0.14452479624895012	0.14452479624895012	0.14452479624895012	0.14452479624895012	0.65164800679324	0.65164800679324	0.65164800679324	0.65164800679324	0.65164800679324	0.65164800679324	3.461229613357578e-05	3.461229613357578e-05	3.461229613357578e-05	2.5382350497955568e-05	3.461229613357578e-05	0.8930433899744331	0.8930433899744331	0.885511754335767	0.918250371505312	0.918250371505312	0.0	0.0064217346759827595	0.0005330293604570669
19	1.0	1.0	1.0	1.0	1.0	0.9997184969454532	0.8481534353869378	0.8632922561531479	0.8829418055256028	0.8397334722717901	0.9979343719364674	0.991025300921994	0.6048905827844819	0.5227527627059664	0.5251046650622583	0.5175327100187732	0.6092448147773517	1.0	0.9105612312084783	0.0	0.0029222243639780423	1.272330190041599e-06	0.0029222243639780423	0.0029104553097201572	0.0	0.013308573787835124	0.08494680705557983	0.12550964776174853	0.12550964776174853	0.12550964776174853	0.12550964776174853	0.12550964776174853	0.3132750478873275	0.3132750478873275	0.3132750478873275	0.3132750478873275	0.3132750478873275	0.3132750478873275	2.8627429275935974e-06	2.8627429275935974e-06	2.8627429275935974e-06	1.272330190041599e-06	2.8627429275935974e-06	0.9053150957523892	0.9053150957523892	0.9026403396103744	0.8477987733464637	0.8477987733464637	0.0	0.003014468302756058	0.0008282869537170808
20	1.0	1.0	1.0	1.0	1.0	0.9997181421047341	0.8479898378458167	0.8631389044062725	0.882791016686242	0.83956845838365	0.997926149413952	0.9910244484683601	0.6044464832660396	0.5221796077403396	0.5245426330744652	0.5169563292049317	0.6088181437589791	1.0	0.9104525378026791	0.002792174657730351	0.0	0.0004685967039804952	0.0	0.0	0.0	0.013316990241227093	0.08501101345410171	0.1256189103106545	0.1256189103106545	0.1256189103106545	0.1256189103106545	0.1256189103106545	0.3128733980864203	0.3128733980864203	0.3128733980864203	0.3128733980864203	0.3128733980864203	0.3128733980864203	2.8631163175997675e-06	2.8631163175997675e-06	2.8631163175997675e-06	1.2724961411554521e-06	2.8631163175997675e-06	0.9051894937628602	0.9051894937628602	0.9025115256337986	0.8476348114224344	0.8476348114224344	0.0	0.003030449560161709	0.0008283949878921992
21	1.0	1.0	1.0	1.0	1.0	0.9996968376016739	0.8522585869597905	0.872597018063223	0.873325258033465	0.8437283177250304	0.9979222945194253	0.9908785776346344	0.5933744250683606	0.5162885444980901	0.5223141342221039	0.511063802003256	0.5993024826535027	1.0	0.8993381631609734	0.1482642936736049	0.14877335725399346	0.0	0.14877335725399346	0.14794054115707253	0.0	0.015231269020460346	0.07477463980161964	0.12690502618331545	0.12690502618331545	0.12690502618331545	0.12690502618331545	0.12690502618331545	0.39035911062609946	0.39035911062609946	0.39035911062609946	0.39035911062609946	0.39035911062609946	0.39035911062609946	6.231219983468302e-06	6.231219983468302e-06	6.231219983468302e-06	3.792916511676358e-06	6.231219983468302e-06	0.9052778704182585	0.9052778704182585	0.9021311043266069	0.8518906740581579	0.8518906740581579	0.0	0.002721688519735764	0.000729865505889722
22	1.0	1.0	1.0	1.0	1.0	0.9997181421047341	0.8479898378458167	0.8631389044062725	0.882791016686242	0.83956845838365	0.997926149413952	0.9910244484683601	0.6044464832660396	0.5221796077403396	0.5245426330744652	0.5169563292049317	0.6088181437589791	1.0	0.9104525378026791	0.002792174657730351	0.0	0.0004685967039804952	0.0	0.0	0.0	0.013316990241227093	0.08501101345410171	0.1256189103106545	0.1256189103106545	0.1256189103106545	0.1256189103106545	0.1256189103106545	0.3128733980864203	0.3128733980864203	0.3128733980864203	0.3128733980864203	0.3128733980864203	0.3128733980864203	2.8631163175997675e-06	2.8631163175997675e-06	2.8631163175997675e-06	1.2724961411554521e-06	2.8631163175997675e-06	0.9051894937628602	0.9051894937628602	0.9025115256337986	0.8476348114224344	0.8476348114224344	0.0	0.003030449560161709	0.0008283949878921992
23	1.0	1.0	1.0	1.0	1.0	0.9996854582587222	0.8477884856117804	0.8629833934669363	0.8824395476190778	0.8388399319318962	0.9974144033429115	0.9903934504148774	0.6036986931584947	0.5215372131474635	0.5238978648016989	0.5163024760471698	0.6080517602264193	1.0	0.9097671882764257	0.004050280927078422	0.0012734174737786567	0.0007647494659144777	0.0012734174737786567	0.0	0.0	0.013312105472517948	0.08491356138774546	0.1255390101657349	0.1255390101657349	0.1255390101657349	0.1255390101657349	0.1255390101657349	0.3133553787908634	0.3133553787908634	0.3133553787908634	0.3133553787908634	0.3133553787908634	0.3133553787908634	2.859470375251475e-06	2.859470375251475e-06	2.859470375251475e-06	1.2708757223339887e-06	2.859470375251475e-06	0.905105933845835	0.905105933845835	0.9024040520601531	0.8474332758473881	0.8474332758473881	0.0	0.0030269082516689774	0.0008273400952394266
24	1.0	1.0	1.0	1.0	1.0	0.9997170535644371	0.8608496448659482	0.8820598700647925	0.8647676149166559	0.8524363039039854	0.9979640865670992	0.9910245187721576	0.5841340350538361	0.5137271550774125	0.5202149092007126	0.5087364402736599	0.5912121990692037	1.0	0.8915817306164805	0.21349446853478027	0.21359703974484287	0.07658616994848674	0.21359703974484287	0.21259434362306032	0.0	0.017617981283506074	0.07160646278678973	0.1317962495462475	0.1317962495462475	0.1317962495462475	0.1317962495462475	0.1317962495462475	0.43261609372306725	0.43261609372306725	0.43261609372306725	0.43261609372306725	0.43261609372306725	0.43261609372306725	6.2543420769869485e-06	6.2543420769869485e-06	6.2543420769869485e-06	3.752605246192169e-06	6.2543420769869485e-06	0.9113902326690305	0.9113902326690305	0.9082112756781395	0.8605034044885662	0.8605034044885662	0.0	0.0026160662039621005	0.0006859762390039284
25	1.0	1.0	1.0	1.0	1.0	0.9997129978608537	0.8595535805235816	0.8810930019354182	0.8689446877864928	0.851131964958745	0.9979583885097281	0.9910059081185698	0.5905200162982581	0.5185660079454009	0.5252457471732709	0.5135456351227462	0.5971648670673322	1.0	0.8941372109605786	0.21004431088927372	0.21015406947132528	0.07434272180910666	0.21015406947132528	0.2091430681470918	0.0	0.0	0.07287485993684426	0.13178364062340836	0.13178364062340836	0.13178364062340836	0.13178364062340836	0.13178364062340836	0.43115564836508097	0.43115564836508097	0.43115564836508097	0.43115564836508097	0.43115564836508097	0.43115564836508097	6.111846796373638e-06	6.111846796373638e-06	6.111846796373638e-06	3.819904247733524e-06	6.111846796373638e-06	0.9116690434959763	0.9116690434959763	0.908809463176123	0.8592013853519405	0.8592013853519405	0.0	0.00224355709483549	0.0003865743098706326
26	1.0	1.0	1.0	1.0	1.0	0.9997208296640578	0.8678268583420732	0.8916913410847115	0.8586638196322497	0.8593938123350173	0.9980776050418809	0.990972504416604	0.5701458584164466	0.5075720911582766	0.5172234084865627	0.503053088712572	0.5779257105100626	1.0	0.8852900946268872	0.2247959846898245	0.2249514685545336	0.07973735352988794	0.2249514685545336	0.22388059701492535	0.0	0.01896013900311399	0.0	0.12655982383166137	0.12655982383166137	0.12655982383166137	0.12655982383166137	0.12655982383166137	0.43955423287979833	0.43955423287979833	0.43955423287979833	0.43955423287979833	0.43955423287979833	0.43955423287979833	6.7367359059400765e-06	6.7367359059400765e-06	6.7367359059400765e-06	4.042041543564046e-06	6.7367359059400765e-06	0.9065609340457387	0.9065609340457387	0.9031553793105679	0.8674539126423203	0.8674539126423203	0.0	0.0025432525392104976	0.0007208307419355882
27	1.0	1.0	1.0	1.0	1.0	0.9997095439032458	0.8478557539698548	0.8647523458363925	0.8729989361469154	0.8390432353120847	0.9978630730024516	0.9905408707458843	0.5947131803674731	0.5152526910411583	0.51905426572814	0.5100535845394369	0.6012242378697119	1.0	0.8931712273268473	0.20779943775998416	0.20800171968450937	0.07138390804067768	0.20800171968450937	0.2069194249430326	0.0	0.017603714149707066	0.06600701244005021	0.0	0.0	0.0	0.0	0.0	0.4195485597642234	0.4195485597642234	0.4195485597642234	0.4195485597642234	0.4195485597642234	0.4195485597642234	3.1696597860076232e-06	3.1696597860076232e-06	3.1696597860076232e-06	2.0170562274593966e-06	3.1696597860076232e-06	0.9009544710068337	0.9009544710068337	0.8975978012934517	0.8474612754019416	0.8474612754019416	0.0	0.0026769217647282565	0.0002313851643785565
28	1.0	1.0	1.0	1.0	1.0	0.9997095439032458	0.8478557539698548	0.8647523458363925	0.8729989361469154	0.8390432353120847	0.9978630730024516	0.9905408707458843	0.5947131803674731	0.5152526910411583	0.51905426572814	0.5100535845394369	0.6012242378697119	1.0	0.8931712273268473	0.20779943775998416	0.20800171968450937	0.07138390804067768	0.20800171968450937	0.2069194249430326	0.0	0.017603714149707066	0.06600701244005021	0.0	0.0	0.0	0.0	0.0	0.4195485597642234	0.4195485597642234	0.4195485597642234	0.4195485597642234	0.4195485597642234	0.4195485597642234	3.1696597860076232e-06	3.1696597860076232e-06	3.1696597860076232e-06	2.0170562274593966e-06	3.1696597860076232e-06	0.9009544710068337	0.9009544710068337	0.8975978012934517	0.8474612754019416	0.8474612754019416	0.0	0.0026769217647282565	0.0002313851643785565
29	1.0	1.0	1.0	1.0	1.0	0.9997095439032458	0.8478557539698548	0.8647523458363925	0.8729989361469154	0.8390432353120847	0.9978630730024516	0.9905408707458843	0.5947131803674731	0.5152526910411583	0.51905426572814	0.5100535845394369	0.6012242378697119	1.0	0.8931712273268473	0.20779943775998416	0.20800171968450937	0.07138390804067768	0.20800171968450937	0.2069194249430326	0.0	0.017603714149707066	0.06600701244005021	0.0	0.0	0.0	0.0	0.0	0.4195485597642234	0.4195485597642234	0.4195485597642234	0.4195485597642234	0.4195485597642234	0.4195485597642234	3.1696597860076232e-06	3.1696597860076232e-06	3.1696597860076232e-06	2.0170562274593966e-06	3.1696597860076232e-06	0.9009544710068337	0.9009544710068337	0.8975978012934517	0.8474612754019416	0.8474612754019416	0.0	0.0026769217647282565	0.0002313851643785565
30	1.0	1.0	1.0	1.0	1.0	0.9997095439032458	0.8478557539698548	0.8647523458363925	0.8729989361469154	0.8390432353120847	0.9978630730024516	0.9905408707458843	0.5947131803674731	0.5152526910411583	0.51905426572814	0.5100535845394369	0.6012242378697119	1.0	0.8931712273268473	0.20779943775998416	0.20800171968450937	0.07138390804067768	0.20800171968450937	0.2069194249430326	0.0	0.017603714149707066	0.06600701244005021	0.0	0.0	0.0	0.0	0.0	0.4195485597642234	0.4195485597642234	0.4195485597642234	0.4195485597642234	0.4195485597642234	0.4195485597642234	3.1696597860076232e-06	3.1696597860076232e-06	3.1696597860076232e-06	2.0170562274593966e-06	3.1696597860076232e-06	0.9009544710068337	0.9009544710068337	0.8975978012934517	0.8474612754019416	0.8474612754019416	0.0	0.0026769217647282565	0.0002313851643785565
31	1.0	1.0	1.0	1.0	1.0	0.9997095439032458	0.8478557539698548	0.8647523458363925	0.8729989361469154	0.8390432353120847	0.9978630730024516	0.9905408707458843	0.5947131803674731	0.5152526910411583	0.51905426572814	0.5100535845394369	0.6012242378697119	1.0	0.8931712273268473	0.20779943775998416	0.20800171968450937	0.07138390804067768	0.20800171968450937	0.2069194249430326	0.0	0.017603714149707066	0.06600701244005021	0.0	0.0	0.0	0.0	0.0	0.4195485597642234	0.4195485597642234	0.4195485597642234	0.4195485597642234	0.4195485597642234	0.4195485597642234	3.1696597860076232e-06	3.1696597860076232e-06	3.1696597860076232e-06	2.0170562274593966e-06	3.1696597860076232e-06	0.9009544710068337	0.9009544710068337	0.8975978012934517	0.8474612754019416	0.8474612754019416	0.0	0.0026769217647282565	0.0002313851643785565
32	1.0	1.0	1.0	1.0	1.0	0.9996763611351169	0.8309599816575247	0.8517235753716996	0.8878644244166564	0.8236124093899363	0.9979638088855183	0.9917370676731511	0.7054313127215647	0.600335984761636	0.6118683751036172	0.5946445263584895	0.7058537187604719	1.0	0.9334353339565071	0.04806433975907864	0.047631792447838585	0.007813188945131307	0.047631792447838585	0.04708636836628512	0.0	0.015089331381505845	0.08295913508174746	0.11180047267147568	0.11180047267147568	0.11180047267147568	0.11180047267147568	0.11180047267147568	0.0	0.0	0.0	0.0	0.0	0.0	7.936647912661598e-06	7.936647912661598e-06	7.936647912661598e-06	6.172948376514577e-06	7.936647912661598e-06	0.8639301398613731	0.8639301398613731	0.86098828903508	0.8304194077496957	0.8304194077496957	0.0	0.0024568334538528015	0.0011481683980317113
33	1.0	1.0	1.0	1.0	1.0	0.9996763611351169	0.8309599816575247	0.8517235753716996	0.8878644244166564	0.8236124093899363	0.9979638088855183	0.9917370676731511	0.7054313127215647	0.600335984761636	0.6118683751036172	0.5946445263584895	0.7058537187604719	1.0	0.9334353339565071	0.04806433975907864	0.047631792447838585	0.007813188945131307	0.047631792447838585	0.04708636836628512	0.0	0.015089331381505845	0.08295913508174746	0.11180047267147568	0.11180047267147568	0.11180047267147568	0.11180047267147568	0.11180047267147568	0.0	0.0	0.0	0.0	0.0	0.0	7.936647912661598e-06	7.936647912661598e-06	7.936647912661598e-06	6.172948376514577e-06	7.936647912661598e-06	0.8639301398613731	0.8639301398613731	0.86098828903508	0.8304194077496957	0.8304194077496957	0.0	0.0024568334538528015	0.0011481683980317113
34	1.0	1.0	1.0	1.0	1.0	0.9996763611351169	0.8309599816575247	0.8517235753716996	0.8878644244166564	0.8236124093899363	0.9979638088855183	0.9917370676731511	0.7054313127215647	0.600335984761636	0.6118683751036172	0.5946445263584895	0.7058537187604719	1.0	0.9334353339565071	0.04806433975907864	0.047631792447838585	0.007813188945131307	0.047631792447838585	0.04708636836628512	0.0	0.015089331381505845	0.08295913508174746	0.11180047267147568	0.11180047267147568	0.11180047267147568	0.11180047267147568	0.11180047267147568	0.0	0.0	0.0	0.0	0.0	0.0	7.936647912661598e-06	7.936647912661598e-06	7.936647912661598e-06	6.172948376514577e-06	7.936647912661598e-06	0.8639301398613731	0.8639301398613731	0.86098828903508	0.8304194077496957	0.8304194077496957	0.0	0.0024568334538528015	0.0011481683980317113
35	1.0	1.0	1.0	1.0	1.0	0.9996763611351169	0.8309599816575247	0.8517235753716996	0.8878644244166564	0.8236124093899363	0.9979638088855183	0.9917370676731511	0.7054313127215647	0.600335984761636	0.6118683751036172	0.5946445263584895	0.7058537187604719	1.0	0.9334353339565071	0.04806433975907864	0.047631792447838585	0.007813188945131307	0.047631792447838585	0.04708636836628512	0.0	0.015089331381505845	0.08295913508174746	0.11180047267147568	0.11180047267147568	0.11180047267147568	0.11180047267147568	0.11180047267147568	0.0	0.0	0.0	0.0	0.0	0.0	7.936647912661598e-06	7.936647912661598e-06	7.936647912661598e-06	6.172948376514577e-06	7.936647912661598e-06	0.8639301398613731	0.8639301398613731	0.86098828903508	0.8304194077496957	0.8304194077496957	0.0	0.0024568334538528015	0.0011481683980317113
36	1.0	1.0	1.0	1.0	1.0	0.9996763611351169	0.8309599816575247	0.8517235753716996	0.8878644244166564	0.8236124093899363	0.9979638088855183	0.9917370676731511	0.7054313127215647	0.600335984761636	0.6118683751036172	0.5946445263584895	0.7058537187604719	1.0	0.9334353339565071	0.04806433975907864	0.047631792447838585	0.007813188945131307	0.047631792447838585	0.04708636836628512	0.0	0.015089331381505845	0.08295913508174746	0.11180047267147568	0.11180047267147568	0.11180047267147568	0.11180047267147568	0.11180047267147568	0.0	0.0	0.0	0.0	0.0	0.0	7.936647912661598e-06	7.936647912661598e-06	7.936647912661598e-06	6.172948376514577e-06	7.936647912661598e-06	0.8639301398613731	0.8639301398613731	0.86098828903508	0.8304194077496957	0.8304194077496957	0.0	0.0024568334538528015	0.0011481683980317113
37	1.0	1.0	1.0	1.0	1.0	0.9996763611351169	0.8309599816575247	0.8517235753716996	0.8878644244166564	0.8236124093899363	0.9979638088855183	0.9917370676731511	0.7054313127215647	0.600335984761636	0.6118683751036172	0.5946445263584895	0.7058537187604719	1.0	0.9334353339565071	0.04806433975907864	0.047631792447838585	0.007813188945131307	0.047631792447838585	0.04708636836628512	0.0	0.015089331381505845	0.08295913508174746	0.11180047267147568	0.11180047267147568	0.11180047267147568	0.11180047267147568	0.11180047267147568	0.0	0.0	0.0	0.0	0.0	0.0	7.936647912661598e-06	7.936647912661598e-06	7.936647912661598e-06	6.172948376514577e-06	7.936647912661598e-06	0.8639301398613731	0.8639301398613731	0.86098828903508	0.8304194077496957	0.8304194077496957	0.0	0.0024568334538528015	0.0011481683980317113
38	1.0	1.0	1.0	1.0	1.0	0.9997170517947823	0.860849775267575	0.8820593825975096	0.8647730235029638	0.8524366318606185	0.9979640738337205	0.9910247128113243	0.5841376884507598	0.5137301179476224	0.5202179126478098	0.508739371930037	0.5912156465604156	1.0	0.8915848051560118	0.21349180100660514	0.21359437285818716	0.07658614859709227	0.21359437285818716	0.21259167046516084	0.0	0.01761784129782913	0.07160691064090395	0.13179357139676343	0.13179357139676343	0.13179357139676343	0.13179357139676343	0.13179357139676343	0.43261704824229374	0.43261704824229374	0.43261704824229374	0.43261704824229374	0.43261704824229374	0.43261704824229374	0.0	0.0	0.0	0.0	0.0	0.911392930747989	0.911392930747989	0.9082142040499369	0.8605035327246736	0.8605035327246736	0.0	0.0026160825658373688	0.0006859805293608172
39	1.0	1.0	1.0	1.0	1.0	0.9997170517947823	0.860849775267575	0.8820593825975096	0.8647730235029638	0.8524366318606185	0.9979640738337205	0.9910247128113243	0.5841376884507598	0.5137301179476224	0.5202179126478098	0.508739371930037	0.5912156465604156	1.0	0.8915848051560118	0.21349180100660514	0.21359437285818716	0.07658614859709227	0.21359437285818716	0.21259167046516084	0.0	0.01761784129782913	0.07160691064090395	0.13179357139676343	0.13179357139676343	0.13179357139676343	0.13179357139676343	0.13179357139676343	0.43261704824229374	0.43261704824229374	0.43261704824229374	0.43261704824229374	0.43261704824229374	0.43261704824229374	0.0	0.0	0.0	0.0	0.0	0.911392930747989	0.911392930747989	0.9082142040499369	0.8605035327246736	0.8605035327246736	0.0	0.0026160825658373688	0.0006859805293608172
40	1.0	1.0	1.0	1.0	1.0	0.9997170517947823	0.860849775267575	0.8820593825975096	0.8647730235029638	0.8524366318606185	0.9979640738337205	0.9910247128113243	0.5841376884507598	0.5137301179476224	0.5202179126478098	0.508739371930037	0.5912156465604156	1.0	0.8915848051560118	0.21349180100660514	0.21359437285818716	0.07658614859709227	0.21359437285818716	0.21259167046516084	0.0	0.01761784129782913	0.07160691064090395	0.13179357139676343	0.13179357139676343	0.13179357139676343	0.13179357139676343	0.13179357139676343	0.43261704824229374	0.43261704824229374	0.43261704824229374	0.43261704824229374	0.43261704824229374	0.43261704824229374	0.0	0.0	0.0	0.0	0.0	0.911392930747989	0.911392930747989	0.9082142040499369	0.8605035327246736	0.8605035327246736	0.0	0.0026160825658373688	0.0006859805293608172
41	1.0	1.0	1.0	1.0	1.0	0.9997170525026469	0.8608501233861234	0.8820596776550031	0.8647708600603221	0.8524370010267167	0.9979640789270912	0.9910247352652152	0.5841362270865064	0.5137288327252422	0.5202166111946139	0.508738099193237	0.5912141674889073	1.0	0.891584075684828	0.21349251777740863	0.21359508937238192	0.07658620717260647	0.21359508937238192	0.21259238948786252	0.0	0.017618047397083163	0.07160673149858601	0.13179474273042582	0.13179474273042582	0.13179474273042582	0.13179474273042582	0.13179474273042582	0.4326174669919604	0.4326174669919604	0.4326174669919604	0.4326174669919604	0.4326174669919604	0.4326174669919604	2.501746218860765e-06	2.501746218860765e-06	2.501746218860765e-06	0.0	2.501746218860765e-06	0.9113926520711456	0.9113926520711456	0.9082136831508393	0.8605038817094331	0.8605038817094331	0.0	0.0026160760210627017	0.0006859788132116217
42	1.0	1.0	1.0	1.0	1.0	0.9997170517947823	0.860849775267575	0.8820593825975096	0.8647730235029638	0.8524366318606185	0.9979640738337205	0.9910247128113243	0.5841376884507598	0.5137301179476224	0.5202179126478098	0.508739371930037	0.5912156465604156	1.0	0.8915848051560118	0.21349180100660514	0.21359437285818716	0.07658614859709227	0.21359437285818716	0.21259167046516084	0.0	0.01761784129782913	0.07160691064090395	0.13179357139676343	0.13179357139676343	0.13179357139676343	0.13179357139676343	0.13179357139676343	0.43261704824229374	0.43261704824229374	0.43261704824229374	0.43261704824229374	0.43261704824229374	0.43261704824229374	0.0	0.0	0.0	0.0	0.0	0.911392930747989	0.911392930747989	0.9082142040499369	0.8605035327246736	0.8605035327246736	0.0	0.0026160825658373688	0.0006859805293608172
43	1.0	1.0	1.0	1.0	1.0	0.9997176680510343	0.44985643420395094	0.4730020073801572	0.793279370286821	0.4446558797040032	0.9981535490537645	0.9921059987069197	0.545603668056681	0.1900065783344109	0.2009187081619343	0.18690092689578847	0.5548472160658172	1.0	0.8691334950154296	0.15957119423591093	0.15856609249759313	0.012888453470283152	0.15856609249759313	0.15675069806574382	0.0	0.020709048456632403	0.02100832032253602	0.02954603845925809	0.02954603845925809	0.02954603845925809	0.02954603845925809	0.02954603845925809	0.12872078217243144	0.12872078217243144	0.12872078217243144	0.12872078217243144	0.12872078217243144	0.12872078217243144	3.6703153365538e-05	3.6703153365538e-05	3.6703153365538e-05	3.105651438622446e-05	3.6703153365538e-05	0.0	0.0	0.0	0.44679313255767333	0.44679313255767333	0.0	0.0009599286264833015	6.775966775176247e-05
44	1.0	1.0	1.0	1.0	1.0	0.9997176680510343	0.44985643420395094	0.4730020073801572	0.793279370286821	0.4446558797040032	0.9981535490537645	0.9921059987069197	0.545603668056681	0.1900065783344109	0.2009187081619343	0.18690092689578847	0.5548472160658172	1.0	0.8691334950154296	0.15957119423591093	0.15856609249759313	0.012888453470283152	0.15856609249759313	0.15675069806574382	0.0	0.020709048456632403	0.02100832032253602	0.02954603845925809	0.02954603845925809	0.02954603845925809	0.02954603845925809	0.02954603845925809	0.12872078217243144	0.12872078217243144	0.12872078217243144	0.12872078217243144	0.12872078217243144	0.12872078217243144	3.6703153365538e-05	3.6703153365538e-05	3.6703153365538e-05	3.105651438622446e-05	3.6703153365538e-05	0.0	0.0	0.0	0.44679313255767333	0.44679313255767333	0.0	0.0009599286264833015	6.775966775176247e-05
45	1.0	1.0	1.0	1.0	1.0	0.9997192695557372	0.46603706732079586	0.48960479694739706	0.7836467702371218	0.4606214227309894	0.998089397656037	0.9919351321886072	0.5359389479422185	0.19274734260016352	0.20399018806214225	0.18926410466067048	0.5454701553556827	1.0	0.8647696920141728	0.16575906241482694	0.16476424093758515	0.0154183701281003	0.16476424093758515	0.16277732352139546	0.0	0.024020168983374217	0.02046879258653584	0.03140637775960752	0.03140637775960752	0.03140637775960752	0.03140637775960752	0.03140637775960752	0.1407113654946852	0.1407113654946852	0.1407113654946852	0.1407113654946852	0.1407113654946852	0.1407113654946852	3.815753611338239e-05	3.815753611338239e-05	3.815753611338239e-05	2.9980921231943307e-05	3.815753611338239e-05	0.034633415099482145	0.034633415099482145	0.0	0.4630798582720087	0.4630798582720087	0.0	0.000975742709185064	0.00012264922322158625
46	1.0	1.0	1.0	1.0	1.0	0.9997435432990376	0.002482070448476414	0.23635085428775873	0.9365565576695797	0.0024533759924246635	0.9983482753735211	0.9924874327249511	0.5943590286209265	0.0019494296080157963	0.11157839235723163	0.0019332889764866867	0.591003570666375	1.0	0.9364633006874116	0.14186359731635098	0.1410511855293858	0.019573205834300274	0.1410511855293858	0.138818398167859	0.0	0.008448723903737273	0.1178642716360682	0.05062419408930074	0.05062419408930074	0.05062419408930074	0.05062419408930074	0.05062419408930074	0.3102534258490421	0.3102534258490421	0.3102534258490421	0.3102534258490421	0.3102534258490421	0.3102534258490421	7.173614012937613e-06	7.173614012937613e-06	7.173614012937613e-06	7.173614012937613e-06	7.173614012937613e-06	0.6485969307692445	0.6485969307692445	0.6467066834768356	0.0	0.0	0.0	0.0004788387353635857	0.00013809206974904904
47	1.0	1.0	1.0	1.0	1.0	0.9997435432990376	0.002482070448476414	0.23635085428775873	0.9365565576695797	0.0024533759924246635	0.9983482753735211	0.9924874327249511	0.5943590286209265	0.0019494296080157963	0.11157839235723163	0.0019332889764866867	0.591003570666375	1.0	0.9364633006874116	0.14186359731635098	0.1410511855293858	0.019573205834300274	0.1410511855293858	0.138818398167859	0.0	0.008448723903737273	0.1178642716360682	0.05062419408930074	0.05062419408930074	0.05062419408930074	0.05062419408930074	0.05062419408930074	0.3102534258490421	0.3102534258490421	0.3102534258490421	0.3102534258490421	0.3102534258490421	0.3102534258490421	7.173614012937613e-06	7.173614012937613e-06	7.173614012937613e-06	7.173614012937613e-06	7.173614012937613e-06	0.6485969307692445	0.6485969307692445	0.6467066834768356	0.0	0.0	0.0	0.0004788387353635857	0.00013809206974904904
48	1.0	1.0	1.0	1.0	1.0	0.9997170535644371	0.8608496448659482	0.8820598700647925	0.8647676149166559	0.8524363039039854	0.9979640865670992	0.9910245187721576	0.5841340350538361	0.5137271550774125	0.5202149092007126	0.5087364402736599	0.5912121990692037	1.0	0.8915817306164805	0.21349446853478027	0.21359703974484287	0.07658616994848674	0.21359703974484287	0.21259434362306032	0.0	0.017617981283506074	0.07160646278678973	0.1317962495462475	0.1317962495462475	0.1317962495462475	0.1317962495462475	0.1317962495462475	0.43261609372306725	0.43261609372306725	0.43261609372306725	0.43261609372306725	0.43261609372306725	0.43261609372306725	6.2543420769869485e-06	6.2543420769869485e-06	6.2543420769869485e-06	3.752605246192169e-06	6.2543420769869485e-06	0.9113902326690305	0.9113902326690305	0.9082112756781395	0.8605034044885662	0.8605034044885662	0.0	0.0026160662039621005	0.0006859762390039284
49	1.0	1.0	1.0	1.0	1.0	0.9997175655656741	0.8605516350846777	0.8817690830111424	0.8653018511746112	0.8521525968667336	0.9979602514920616	0.9910378487224983	0.5845555018779632	0.5139388667406113	0.5204351095599793	0.5089571346800891	0.5916406932335633	1.0	0.891995416836604	0.2138086358717818	0.21392376678239958	0.07668395887794768	0.21392376678239958	0.2129186914907973	0.0	0.017251075182240446	0.07153868574177667	0.13184922315480768	0.13184922315480768	0.13184922315480768	0.13184922315480768	0.13184922315480768	0.43252551065199213	0.43252551065199213	0.43252551065199213	0.43252551065199213	0.43252551065199213	0.43252551065199213	6.270746765674234e-06	6.270746765674234e-06	6.270746765674234e-06	3.76244805940454e-06	6.270746765674234e-06	0.911243097789035	0.911243097789035	0.9080603175606494	0.8602044865437299	0.8602044865437299	0.0	0.0	0.0006877755052591499
50	1.0	1.0	1.0	1.0	1.0	0.999717360027498	0.8607734021015496	0.881982915928252	0.8649188718133844	0.852362547224533	0.997969949037184	0.9910276203591906	0.5840713724761739	0.5135342989489748	0.5200217500095756	0.508556430735307	0.5910840482155254	1.0	0.8915651369977726	0.21360647353185555	0.21370911515163046	0.07662672572481881	0.21370911515163046	0.21270573073197743	0.0	0.01732365230927372	0.0716388436945876	0.13140130094497884	0.13140130094497884	0.13140130094497884	0.13140130094497884	0.13140130094497884	0.43287851412987066	0.43287851412987066	0.43287851412987066	0.43287851412987066	0.43287851412987066	0.43287851412987066	6.258635352127097e-06	6.258635352127097e-06	6.258635352127097e-06	3.7551812112762583e-06	6.258635352127097e-06	0.9113354150388998	0.9113354150388998	0.9081595331158164	0.8604269240484558	0.8604269240484558	0.0	0.002617861995087722	0.0
